401 200
0 0
1 999
2 1992
3 2981
4 3964
5 4943
6 5916
7 6885
8 7848
9 8807
10 9760
11 10709
12 11652
13 12591
14 13524
15 14453
16 15376
17 16295
18 17208
19 18117
20 19020
21 19919
22 20812
23 21701
24 22584
25 23463
26 24336
27 25205
28 26068
29 26927
30 27780
31 28629
32 29472
33 30311
34 31144
35 31973
36 32796
37 33615
38 34428
39 35237
40 36040
41 36839
42 37632
43 38421
44 39204
45 39983
46 40756
47 41525
48 42288
49 43047
50 43800
51 44549
52 45292
53 46031
54 46764
55 47493
56 48216
57 48935
58 49648
59 50357
60 51060
61 51759
62 52452
63 53141
64 53824
65 54503
66 55176
67 55845
68 56508
69 57167
70 57820
71 58469
72 59112
73 59751
74 60384
75 61013
76 61636
77 62255
78 62868
79 63477
80 64080
81 64679
82 65272
83 65861
84 66444
85 67023
86 67596
87 68165
88 68728
89 69287
90 69840
91 70389
92 70932
93 71471
94 72004
95 72533
96 73056
97 73575
98 74088
99 74597
100 75100
101 75599
102 76092
103 76581
104 77064
105 77543
106 78016
107 78485
108 78948
109 79407
110 79860
111 80309
112 80752
113 81191
114 81624
115 82053
116 82476
117 82895
118 83308
119 83717
120 84120
121 84519
122 84912
123 85301
124 85684
125 86063
126 86436
127 86805
128 87168
129 87527
130 87880
131 88229
132 88572
133 88911
134 89244
135 89573
136 89896
137 90215
138 90528
139 90837
140 91140
141 91439
142 91732
143 92021
144 92304
145 92583
146 92856
147 93125
148 93388
149 93647
150 93900
151 94149
152 94392
153 94631
154 94864
155 95093
156 95316
157 95535
158 95748
159 95957
160 96160
161 96359
162 96552
163 96741
164 96924
165 97103
166 97276
167 97445
168 97608
169 97767
170 97920
171 98069
172 98212
173 98351
174 98484
175 98613
176 98736
177 98855
178 98968
179 99077
180 99180
181 99279
182 99372
183 99461
184 99544
185 99623
186 99696
187 99765
188 99828
189 99887
190 99940
191 99989
192 100032
193 100071
194 100104
195 100133
196 100156
197 100175
198 100188
199 100197
200 100200
201 100199
202 100192
203 100181
204 100164
205 100143
206 100116
207 100085
208 100048
209 100007
210 99960
211 99909
212 99852
213 99791
214 99724
215 99653
216 99576
217 99495
218 99408
219 99317
220 99220
221 99119
222 99012
223 98901
224 98784
225 98663
226 98536
227 98405
228 98268
229 98127
230 97980
231 97829
232 97672
233 97511
234 97344
235 97173
236 96996
237 96815
238 96628
239 96437
240 96240
241 96039
242 95832
243 95621
244 95404
245 95183
246 94956
247 94725
248 94488
249 94247
250 94000
251 93749
252 93492
253 93231
254 92964
255 92693
256 92416
257 92135
258 91848
259 91557
260 91260
261 90959
262 90652
263 90341
264 90024
265 89703
266 89376
267 89045
268 88708
269 88367
270 88020
271 87669
272 87312
273 86951
274 86584
275 86213
276 85836
277 85455
278 85068
279 84677
280 84280
281 83879
282 83472
283 83061
284 82644
285 82223
286 81796
287 81365
288 80928
289 80487
290 80040
291 79589
292 79132
293 78671
294 78204
295 77733
296 77256
297 76775
298 76288
299 75797
300 75300
301 74799
302 74292
303 73781
304 73264
305 72743
306 72216
307 71685
308 71148
309 70607
310 70060
311 69509
312 68952
313 68391
314 67824
315 67253
316 66676
317 66095
318 65508
319 64917
320 64320
321 63719
322 63112
323 62501
324 61884
325 61263
326 60636
327 60005
328 59368
329 58727
330 58080
331 57429
332 56772
333 56111
334 55444
335 54773
336 54096
337 53415
338 52728
339 52037
340 51340
341 50639
342 49932
343 49221
344 48504
345 47783
346 47056
347 46325
348 45588
349 44847
350 44100
351 43349
352 42592
353 41831
354 41064
355 40293
356 39516
357 38735
358 37948
359 37157
360 36360
361 35559
362 34752
363 33941
364 33124
365 32303
366 31476
367 30645
368 29808
369 28967
370 28120
371 27269
372 26412
373 25551
374 24684
375 23813
376 22936
377 22055
378 21168
379 20277
380 19380
381 18479
382 17572
383 16661
384 15744
385 14823
386 13896
387 12965
388 12028
389 11087
390 10140
391 9189
392 8232
393 7271
394 6304
395 5333
396 4356
397 3375
398 2388
399 1397
400 400
